"X123_part1" "X123_part2" "X123_part3" "X123_part4" "X152_part1" "X152_part2" "X165_part1" "X165_part2" "X226_part1" "X226_part2" "X226_part3" "X227_part1" "X227_part2" "X233_part1" "X233_part2" "belov_part1" "belov_part2" "belov_part3" "belov_part4" "belov_part5" "erkhov_part1" "erkhov_part2" "erkhov_part3" "erkhov_part4" "gasparov_part1" "gasparov_part2" "gasparov_part3" "gasparov_part4" "gasparov_part5" "gasparov_part6" "gasparov_part7" "gasparov_part8" "gasparov_part9" "karelsky_part1" "karelsky_part2" "karelsky_part3" "karelsky_part4" "karelsky_part5" "karelsky_part6" "karelsky_part7" "karelsky_part8" "karelsky_part9" "kostyrko_part1" "kostyrko_part2" "rynkevich_part1" "rynkevich_part2" "rynkevich_part3" "sanovich_part1" "sanovich_part2" "sanovich_part3" "sanovich_part4" "shishkin_part1" "shishkin_part2" "shishkin_part3" "shishkin_part4" "shishkin_part5" "smirnov_part1" "smirnov_part2" "smirnov_part3" "smirnov_part4" "zhidkov_part1" "zhidkov_part2" "zhivotovsky_part1" "zhivotovsky_part2"
"и" 4.18 4.06 3.86 3.26 3.7 3.42 3.12 3.8 5.54 5.5 5.28 4.36 4.66 3.42 3.96 4.34 3.7 4.5 4.32 3.78 3.6 3.94 4.6 3.52 5.34 5.42 4.92 3.86 5.2 4.06 4.02 3.96 4.9 3.92 4.36 3.48 4.14 4.3 3.38 3.58 3.82 3.58 4.02 4.5 4.62 4.8 4.92 2.76 3.4 3.5 3.98 4.68 3.98 3.64 4.38 4.84 4 3.74 3.66 4.22 3.88 3.42 3.94 3.8
"в" 2.68 3.5 2.8 3.5 2.98 2.9 3.24 4.16 2.64 2.26 3.34 3.74 3.32 3.54 2.94 3.3 3.54 3.36 3.34 3.54 2.98 3.74 2.98 3 2.72 1.84 2.6 2.84 2.52 2.82 2.82 2.18 2.38 3.32 3.16 2.28 2.76 3.56 2.04 2.84 3.74 3.78 2.76 3.4 2.62 3.4 2.74 2.86 3.04 2.76 3.62 3.84 3.76 3.78 2.98 3.04 2.84 2.76 2.78 2.9 2.86 2.28 3.1 3.66
"он" 4.06 3.68 3.72 3.06 1.94 2.62 3.08 2.32 2.08 2.46 1.76 1.6 1.44 3.44 2.22 2.56 2.74 3.2 2.72 2.36 3.78 3.36 4 4.22 2.06 1.46 2.78 2.14 2.7 2.72 3.38 2.28 2.32 2.22 1.24 2.52 1.62 1.92 2.32 2.7 2.24 2.34 2.12 1.62 2.32 3.02 3.48 5.04 3.14 3.88 3.32 2.02 2.54 2.42 3.2 2.68 2.98 3 2.36 2.26 2.22 0.9 2.28 2.06
"не" 1.54 1.36 1.6 1.54 1.36 1.02 1.2 1.32 1.5 1.68 1.14 1.32 1.24 0.96 1.84 1.68 1.44 1.76 1.52 1.68 2.02 1.64 1.82 1.98 1.42 1.12 1.4 2.1 1.78 1.7 1.18 2.1 1.52 1.68 2.02 1.84 1.62 1.96 1.98 1.86 1.42 1.82 1.86 1.36 1.38 1.18 1.34 1.64 1.98 1.9 1.48 1.4 1.2 1.36 2 1.94 1.44 1.72 1.56 1.38 1.46 2.12 1.28 1.26
"на" 2.08 1.52 1.48 1.54 1.4 1.52 1.62 1.58 1.42 1.34 1.28 1.4 1.06 1.1 1.56 1.54 1.52 1.58 1.98 1.48 1.98 1.56 1.46 1.64 1.5 1.88 1.74 1.44 1.6 1.56 1.6 1.6 1.38 1.76 1.56 1.46 1.38 1.38 1.04 1.5 1.94 1.86 1.96 1.4 1.48 1.54 1.32 1.5 2.14 1.64 1.32 1.04 1.18 1.74 1 1.28 1.24 1.22 1.06 1.62 1.4 1.7 1.5 1.4
"что" 1.32 1.74 1.32 1.96 1.14 1.02 1.24 0.68 1.2 1.56 1.02 0.98 1.12 1.38 2.92 1.5 1.24 1.44 1.8 1.3 0.9 0.8 1.38 1 0.82 0.52 0.46 0.82 0.76 1.08 0.7 0.66 0.66 1.18 1.06 1.7 1.64 1.16 1.72 1.48 1.32 1.72 1.38 1.1 1.92 1.4 1.74 2.28 2.26 2.3 1.88 1.3 1.84 1.5 2.56 1.72 1.32 1.44 1.4 1.16 1.12 1.24 1.3 0.94
"с" 1.48 1.28 1.48 1.94 1.02 1.28 1.34 1.18 1.1 0.86 0.94 1.14 1.34 1.4 1.24 1.52 1.1 1.38 1.18 0.96 1.28 1.32 1.32 1.36 1.36 1 1.06 0.88 0.94 1.22 0.94 0.88 0.92 1.54 1.24 1.62 1.62 0.94 1.24 1.24 1.38 1.24 1.32 1.56 0.94 1.32 0.96 1.86 1.36 1.38 1.36 1.14 1.08 1.06 0.88 1.46 1.04 1.08 1.46 1.44 1.2 0.7 1.56 1.52
"она" 0.96 1.44 1.04 1.38 0.62 0.22 0.48 1.12 1.2 0.18 0.7 0.76 0.44 0.7 2.24 1.46 0.44 1.54 1.6 1.92 1.96 1.76 1.44 1.62 0.5 0.58 0.54 1.94 1.16 0.66 0.46 0.76 1.4 0.68 1.82 1.46 1.6 1.38 1.28 0.86 1.14 1.02 0.44 0.44 1.1 0.72 1.12 1.3 3.06 2 0.78 1.04 1.08 1.06 2.48 1.6 0.72 0.82 1.54 0.82 0.44 0.56 1.08 1.22
"быть" 0.34 0.48 0.66 1.1 0.82 1.28 0.74 0.54 0.86 0.66 0.72 0.68 0.6 0.66 0.8 0.34 0.56 0.3 0.54 0.5 0.64 0.42 0.96 0.8 0.88 1.08 0.86 1.4 1.38 1.12 1.66 1.32 1.14 1.04 1.8 1.14 0.84 0.46 0.8 1.2 1.02 1.56 1.12 0.68 0.68 0.52 0.36 0.74 1.02 1.12 0.72 0.42 0.42 0.64 0.76 0.56 1 0.96 0.42 0.76 1.22 0.7 0.94 1.22
"но" 0.54 0.72 0.7 0.52 0.78 0.52 0.54 0.56 0.94 0.74 1.08 0.56 0.4 0.64 0.68 1.46 0.72 1.42 1.12 0.92 0.86 0.72 0.98 0.92 0.6 0.56 1 0.84 0.8 0.46 0.82 0.92 0.64 0.78 0.68 1 0.98 0.96 0.9 0.78 1.04 0.88 1.02 0.68 0.74 0.72 0.74 0.82 1.02 0.84 0.82 0.48 0.32 0.64 0.66 0.6 1.04 0.92 0.94 0.92 0.78 0.68 0.68 0.62
"а" 0.58 0.78 0.78 0.4 0.68 0.36 0.46 0.46 0.92 1.46 0.66 0.44 0.68 0.36 0.7 0.48 0.54 0.26 0.44 0.72 0.36 0.58 0.58 0.6 1.92 1.34 1 1.2 1.78 1.76 1.22 1.06 1.06 0.52 0.6 0.76 0.42 0.72 0.34 0.82 0.62 0.86 0.98 0.86 0.56 0.6 0.36 0.62 0.34 0.2 0.58 0.54 0.64 0.54 0.5 0.62 0.96 0.8 1.2 1.24 0.54 0.66 0.64 0.58
"свой" 0.7 0.64 0.66 0.48 1.14 0.68 0.72 0.72 0.86 0.58 0.74 0.92 0.94 0.68 0.6 0.98 1 0.68 0.62 0.9 0.54 0.82 0.68 0.46 0.76 0.54 0.62 0.62 0.54 0.5 0.78 0.56 0.54 0.4 0.56 0.54 0.82 0.86 0.92 0.88 0.58 0.72 0.6 0.7 1.1 1.04 1.12 0.66 0.52 0.66 0.76 0.8 0.76 0.76 1.3 1.06 0.68 0.64 0.54 0.66 0.88 1.04 0.44 0.54
"они" 0.8 0.5 0.46 0.58 0.6 0.76 0.62 0.36 0.7 0.74 0.82 0.56 0.64 0.58 1.14 0.92 0.4 0.4 0.72 0.46 0.86 0.84 1.54 0.92 0.92 0.9 1.02 1.12 1.1 0.58 0.86 0.8 1.22 0.96 0.44 0.68 0.62 0.56 0.42 0.6 0.74 0.4 0.54 0.52 0.52 0.76 0.7 0.48 0.58 0.54 1.42 0.5 0.56 0.48 0.42 0.5 0.64 0.78 0.54 1.18 0.92 0.6 0.38 0.58
"то" 0.5 0.86 0.74 0.78 0.88 0.5 0.48 0.3 0.48 0.6 0.56 0.68 0.84 0.96 0.82 0.7 0.66 0.84 0.88 0.5 0.52 0.36 0.66 0.48 0.76 0.5 0.48 0.22 0.52 0.86 0.54 0.44 0.46 1.12 0.88 0.9 0.84 0.58 0.86 0.86 0.88 1.1 0.84 0.64 0.98 0.74 0.7 0.98 0.78 0.84 0.76 0.54 0.68 0.52 0.94 0.62 0.62 0.76 0.58 0.72 0.4 0.66 0.6 0.56
"к" 0.74 0.92 0.56 0.76 0.48 0.56 0.72 0.76 0.66 0.56 0.64 0.56 0.7 0.8 0.82 0.84 0.46 0.54 0.62 0.48 0.58 0.72 0.68 0.72 0.62 0.4 0.64 0.58 0.54 0.76 0.62 0.52 0.64 0.48 0.6 0.68 0.76 0.78 0.94 0.56 0.84 0.66 0.72 0.74 0.52 0.74 0.54 0.68 0.96 0.86 0.56 0.54 0.8 0.54 0.62 0.48 0.72 0.6 0.88 0.68 0.86 0.92 0.68 0.66
"его" 0.48 0.64 0.8 0.74 0.48 0.74 0.98 0.86 0.48 0.56 0.72 0.72 0.96 1 0.36 0.46 0.5 0.66 0.58 0.64 0.8 0.82 0.52 0.64 0.54 0.62 0.72 0.38 0.26 0.44 0.54 0.48 0.36 0.56 0.44 0.6 0.4 0.7 0.58 0.62 0.38 0.46 0.36 0.52 0.68 0.78 1.08 1 0.84 0.78 0.62 0.58 0.58 0.58 0.52 0.98 0.56 0.56 0.28 0.72 0.48 0.46 0.56 0.5
"который" 0.68 0.96 0.9 0.96 0.24 0.64 0.68 0.32 0.36 0.18 0.44 0.72 0.82 0.9 0.64 0.58 0.72 0.54 0.62 0.74 0.4 0.36 0.6 0.42 0.46 0.28 0.42 0.34 0.26 0.4 0.18 0.16 0.26 0.78 0.6 0.48 0.48 0.46 0.5 0.5 0.7 0.6 0.34 0.54 1.46 1.46 1.1 0.66 0.44 0.62 0.74 0.82 0.66 1.02 0.6 0.66 0.46 0.46 0.28 0.32 0.88 1.08 0.5 0.46
"как" 0.78 0.56 0.54 0.6 0.62 0.56 0.5 0.38 0.38 0.4 0.32 0.46 0.64 0.32 0.52 0.42 0.58 0.42 0.42 0.36 0.82 0.6 0.42 0.5 0.52 0.4 0.44 0.54 0.62 0.84 0.48 0.34 0.56 0.66 0.8 0.68 0.82 0.7 0.54 1.04 0.82 0.7 0.48 0.74 0.5 0.3 0.44 0.64 0.56 0.54 0.4 0.78 0.44 0.42 0.74 0.5 0.4 0.44 0.58 0.62 0.34 0.28 0.6 0.62
"из" 0.5 0.66 0.56 0.52 0.4 0.58 0.86 0.58 0.7 0.64 0.54 0.5 0.32 0.54 0.64 0.54 0.44 0.26 0.42 0.62 0.5 0.62 0.54 0.46 0.56 0.66 0.8 0.52 0.46 0.68 0.72 0.26 0.4 0.74 0.54 0.54 0.44 0.52 0.34 0.5 0.7 0.68 0.64 0.56 0.34 0.52 0.54 0.64 0.46 0.62 0.6 0.6 0.48 0.42 0.36 0.36 0.36 0.26 0.62 0.52 0.52 0.4 0.58 0.56
"за" 0.32 0.72 0.58 0.26 0.4 0.4 0.6 0.7 0.44 0.54 0.38 0.22 0.22 0.56 0.3 0.38 0.32 0.56 0.58 0.38 0.74 0.6 0.42 0.44 0.54 0.44 0.48 0.56 0.64 0.68 0.76 0.64 0.96 0.74 0.38 0.8 0.4 0.34 0.4 0.8 0.6 0.7 0.48 0.34 0.48 0.5 0.32 0.44 0.62 0.34 0.44 0.36 0.68 0.52 0.56 0.46 0.7 0.3 0.42 0.48 0.34 0.56 0.42 0.52
"от" 0.32 0.52 0.42 0.42 0.44 0.38 0.5 0.26 0.46 0.54 0.48 0.62 0.48 0.28 0.44 0.36 0.46 0.32 0.42 0.36 0.54 0.36 0.52 0.28 0.48 0.9 0.42 0.58 0.4 0.48 0.46 0.58 0.5 0.54 0.36 0.74 0.42 0.48 0.62 0.46 0.56 0.42 0.38 0.34 0.52 0.54 0.98 0.42 0.14 0.48 0.36 0.88 0.52 0.46 0.38 0.54 0.4 0.36 0.56 0.24 0.42 0.72 0.46 0.4
"о" 0.42 0.4 0.4 0.44 0.4 0.32 0.48 0.56 0.36 0.58 0.26 0.38 0.44 0.74 0.38 0.4 0.36 0.54 0.38 0.56 0.26 0.38 0.26 0.34 0.38 0.4 0.62 0.72 0.48 0.32 0.14 0.76 0.76 0.26 0.36 0.32 0.62 0.36 0.62 0.62 0.46 0.44 0.34 0.56 0.56 0.44 0.5 0.42 0.38 0.42 0.44 0.46 0.58 0.52 0.48 0.72 0.5 0.46 0.48 0.28 0.64 0.36 0.54 0.46
"по" 0.52 0.5 0.56 0.4 0.56 0.4 0.38 0.44 0.42 0.44 0.46 0.24 0.44 0.54 0.72 0.6 0.62 0.56 0.4 0.6 0.48 0.48 0.38 0.44 0.68 0.28 0.24 0.14 0.36 0.42 0.5 0.32 0.42 0.8 0.48 0.32 0.46 0.32 0.52 0.48 0.46 0.52 0.72 0.54 0.36 0.22 0.46 0.32 0.38 0.44 0.38 0.48 0.44 0.3 0.22 0.34 0.64 0.56 0.46 0.42 0.4 0.48 0.6 0.24
"это" 0.36 0.34 0.5 0.44 0.48 0.94 0.36 0.46 0.36 0.58 0.62 0.58 0.58 0.38 0.54 0.24 0.3 0.36 0.52 0.32 0.42 0.42 0.56 0.48 0.82 0.72 0.56 0.76 0.44 0.92 0.58 0.7 0.86 0.2 0.48 0.34 0.3 0.32 0.38 0.3 0.32 0.5 0.38 0.46 0.3 0.24 0.32 0.32 0.44 0.32 0.38 0.5 0.26 0.5 0.36 0.42 0.2 0.18 0.14 0.22 0.6 0.62 0.3 0.38
"тот" 0.5 0.56 0.54 0.6 0.3 0.16 0.44 0.32 0.36 0.46 0.48 0.66 0.52 0.32 0.5 0.46 0.48 0.58 0.26 0.54 0.24 0.32 0.32 0.16 0.54 0.34 0.3 0.08 0.28 0.42 0.16 0.44 0.3 0.44 0.38 0.56 0.6 0.6 0.4 0.48 0.62 0.48 0.22 0.36 0.44 0.32 0.52 0.34 0.36 0.36 0.36 0.62 0.28 0.5 0.58 0.38 0.82 0.96 0.96 0.98 0.42 0.48 0.22 0.1
"у" 0.42 0.38 0.44 0.66 0.38 0.16 0.34 0.36 0.32 0.28 0.42 0.34 0.16 0.56 0.5 0.48 0.38 0.58 0.4 0.32 0.62 0.5 0.34 0.8 0.78 0.5 0.5 0.42 0.52 0.84 0.5 0.32 0.36 0.5 0.48 0.36 0.32 0.28 0.16 0.38 0.34 0.42 0.4 0.34 0.3 0.24 0.26 0.32 0.44 0.5 0.48 0.46 0.3 0.34 0.34 0.34 0.56 0.38 0.46 0.62 0.16 0.16 0.38 0.4
"весь" 0.28 0.46 0.3 0.2 0.46 0.54 0.46 0.26 0.4 0.56 0.36 0.72 0.72 0.26 0.46 0.22 0.44 0.42 0.48 0.36 0.5 0.32 0.68 0.34 0.24 0.56 0.3 0.22 0.28 0.28 0.24 0.2 0.28 0.3 0.42 0.44 0.52 0.34 0.44 0.44 0.3 0.54 0.54 0.1 0.68 0.4 0.52 0.26 0.22 0.38 0.34 0.42 0.26 0.5 0.38 0.36 0.26 0.46 0.22 0.32 0.76 0.76 0.18 0.34
"этот" 0.26 0.4 0.4 0.54 0.5 0.62 0.5 0.4 0.32 0.36 0.4 0.7 0.72 0.58 0.92 0.38 0.48 0.28 0.36 0.3 0.36 0.24 0.32 0.2 0.32 0.3 0.24 0.6 0.36 0.48 0.28 0.42 0.58 0.66 0.36 0.54 0.24 0.24 0.36 0.3 0.5 0.3 0.3 0.34 0.36 0.38 0.38 0.36 0.3 0.36 0.28 0.44 0.4 0.52 0.28 0.26 0.16 0.22 0.18 0.08 0.68 0.38 0.44 0.34
"все" 0.26 0.44 0.32 0.42 0.52 0.58 0.2 0.26 0.4 0.5 0.4 0.32 0.56 0.26 0.5 0.24 0.2 0.34 0.34 0.38 0.2 0.28 0.66 0.22 0.24 0.42 0.3 0.28 0.34 0.32 0.28 0.18 0.16 0.34 0.42 0.44 0.36 0.38 0.36 0.26 0.34 0.4 0.44 0.22 0.48 0.24 0.38 0.34 0.24 0.14 0.28 0.34 0.28 0.3 0.36 0.32 0.44 0.4 0.64 0.36 0.56 0.4 0.26 0.24
"человек" 0.3 0.36 0.24 0.42 0.36 0.74 0.36 0.52 0.2 0.42 0.24 0.52 0.32 0.36 0.28 0.16 0.42 0.16 0.32 0.16 0.24 0.34 0.6 0.16 0.08 0.2 0.28 0.18 0.28 0.22 0.36 0.32 0.38 0.38 0.48 0.16 0.12 0.16 0.06 0.06 0.06 0.14 0.52 0.32 0.24 0.4 0.14 1.56 0.14 0.14 0.4 0.6 0.16 0.46 0.18 0.22 0.26 0.36 0.16 0.16 1 1.16 0.5 0.4
"себя" 0.36 0.28 0.22 0.46 0.16 0.32 0.2 0.28 0.22 0.42 0.3 0.26 0.3 0.36 0.44 0.32 0.3 0.32 0.24 0.3 0.48 0.26 0.64 0.32 0.16 0.18 0.14 0.24 0.2 0.28 0.4 0.3 0.3 0.3 0.24 0.32 0.24 0.36 0.4 0.28 0.22 0.32 0.16 0.2 0.38 0.34 0.3 0.6 0.38 0.4 0.5 0.48 0.2 0.32 0.24 0.4 0.4 0.28 0.34 0.4 0.34 0.18 0.2 0.2
"один" 0.3 0.14 0.24 0.28 0.28 0.3 0.34 0.34 0.14 0.46 0.22 0.7 0.28 0.34 0.42 0.34 0.4 0.16 0.2 0.3 0.16 0.26 0.36 0.26 0.3 0.36 0.38 0.36 0.26 0.44 0.26 0.28 0.2 0.38 0.38 0.26 0.22 0.2 0.34 0.32 0.28 0.3 0.26 0.24 0.16 0.18 0.16 0.26 0.34 0.24 0.34 0.22 0.14 0.14 0.14 0.14 0.36 0.26 0.26 0.32 0.36 0.24 0.34 0.18
"когда" 0.32 0.22 0.3 0.18 0.24 0.2 0.14 0.16 0.18 0.16 0.18 0.18 0.12 0.34 0.46 0.22 0.36 0.18 0.18 0.34 0.22 0.24 0.24 0.22 0.22 0.3 0.26 0.18 0.32 0.2 0.42 0.18 0.34 0.28 0.28 0.44 0.28 0.32 0.4 0.42 0.64 0.54 0.34 0.18 0.22 0.3 0.36 0.42 0.68 0.34 0.4 0.24 0.06 0.26 0.32 0.28 0.22 0.3 0.24 0.18 0.16 0.18 0.38 0.34
"становиться" 0.14 0.2 0.2 0.34 0.24 0.22 0.28 0.18 0.26 0.14 0.2 0.34 0.24 0.22 0.16 0.28 0.3 0.18 0.34 0.3 0.14 0.14 0.28 0.14 0.22 0.18 0.12 0.06 0.26 0.2 0.24 0.16 0.2 0.34 0.34 0.38 0.18 0.38 0.3 0.24 0.48 0.28 0.24 0.1 0.4 0.38 0.28 0.24 0.34 0.34 0.32 0.22 0.36 0.14 0.28 0.36 0.2 0.18 0.22 0.36 0.28 0.24 0.24 0.2
"чтобы" 0.22 0.18 0.18 0.2 0.46 0.18 0.06 0.08 0.16 0.18 0.26 0.14 0.04 0.22 0.3 0.34 0.18 0.28 0.32 0.26 0.22 0.34 0.26 0.3 0.2 0.26 0.26 0.24 0.2 0.18 0.24 0.08 0.26 0.14 0.24 0.14 0.32 0.08 0.18 0.28 0.1 0.18 0.1 0.14 0.12 0.34 0.44 0.72 0.26 0.32 0.46 0.28 0.36 0.26 0.36 0.34 0.16 0.18 0.2 0.22 0.32 0.22 0.16 0.14
"так" 0.18 0.08 0.3 0.3 0.24 0.32 0.12 0.08 0.44 0.24 0.24 0.44 0.26 0.16 0.28 0.18 0.26 0.24 0.18 0.14 0.2 0.3 0.24 0.24 0.2 0.26 0.34 0.14 0.3 0.3 0.16 0.14 0.2 0.22 0.22 0.26 0.24 0.22 0.22 0.28 0.12 0.32 0.22 0.2 0.2 0.14 0.14 0.22 0.18 0.2 0.28 0.38 0.24 0.08 0.3 0.28 0.16 0.26 0.28 0.26 0.34 0.08 0.18 0.16
"для" 0.2 0.34 0.28 0.34 0.18 0.36 0.16 0.2 0.16 0.08 0.04 0.16 0.18 0.16 0.08 0.24 0.24 0.24 0.22 0.16 0.26 0.34 0.28 0.28 0.06 0.32 0.28 0.2 0.34 0.16 0.16 0.02 0.24 0.12 0.24 0.18 0.22 0.26 0.2 0.16 0.34 0.44 0.28 0.38 0.26 0.22 0.12 0.44 0.28 0.28 0.1 0.22 0.18 0.3 0.28 0.18 0.12 0.24 0.06 0.16 0.26 0.6 0.22 0.2
"дом" 0.22 0.3 0.14 0.24 0.12 0.08 0.34 0.18 0.08 0.04 0.38 0.22 0.16 0.26 0.22 0.26 0.12 0.2 0.3 0.16 0.46 0.42 0.08 0.24 0.04 0.08 0.08 0.04 0.12 0.3 0.1 0.06 0.22 0.36 0.46 0.08 0.16 0.04 0.06 0.32 0.32 0.24 0.08 0.22 0.06 0.1 0.1 0.28 0.22 0.32 0.32 0.1 0.32 0.46 0.06 0.22 0.52 0.34 0.4 0.4 0.06 0.04 0.3 0.18
"только" 0.26 0.22 0.2 0.22 0.24 0.22 0.14 0.1 0.3 0.18 0.14 0.2 0.22 0.14 0.22 0.12 0.14 0.16 0.14 0.12 0.26 0.2 0.3 0.2 0.14 0.16 0.32 0.22 0.32 0.26 0.2 0.16 0.22 0.22 0.16 0.34 0.26 0.26 0.24 0.26 0.26 0.22 0.34 0.28 0.14 0.08 0.18 0.22 0.3 0.16 0.14 0.14 0.06 0.18 0.12 0.14 0.2 0.26 0.5 0.32 0.12 0.2 0.26 0.18
"мочь" 0.18 0.14 0.24 0.22 0.26 0.24 0.16 0.14 0.18 0.16 0.06 0.16 0.14 0.24 0.2 0.18 0.26 0.14 0.24 0.12 0.18 0.32 0.2 0.3 0.12 0.08 0.06 0.18 0.16 0.1 0.06 0.14 0.12 0.14 0.32 0.2 0.22 0.3 0.16 0.12 0.1 0.3 0.28 0.22 0.26 0.24 0.14 0.26 0.42 0.38 0.18 0.18 0.2 0.22 0.32 0.3 0.24 0.3 0.22 0.12 0.28 0.26 0.12 0.12
"после" 0.22 0.26 0.4 0.5 0.12 0.2 0.2 0.22 0.12 0.2 0.2 0.18 0.2 0.22 0.28 0.22 0.24 0.14 0.2 0.28 0.18 0.18 0.2 0.12 0.06 0.18 0.14 0.14 0.14 0.14 0.12 0.12 0.14 0.18 0.24 0.26 0.12 0.14 0.08 0.2 0.2 0.32 0.2 0.16 0.38 0.2 0.22 0.24 0.2 0.24 0.24 0.14 0.1 0.28 0.18 0.22 0.1 0.14 0.16 0.06 0.24 0.06 0.26 0.24
"жена" 0.2 0.12 0.12 0.1 0.16 0.08 0.08 0.16 0.08 0.1 0.24 0.18 0.02 0.2 0.04 0.24 0.04 0.12 0.14 0.1 0.18 0.04 0.04 0.1 0.02 0.1 0.1 0.34 0.4 0.42 0.08 0.22 0.16 0.12 0.26 0.12 0.16 0.24 0.14 0.28 0.06 0.14 0.08 0.12 0.2 0.02 0.24 0.7 0.14 0.2 0.3 0.02 0.02 0.32 0.26 0.2 0.32 0.88 0.82 0.38 0.12 0.06 0.22 0.16
"сам" 0.12 0.2 0.16 0.2 0.24 0.18 0.2 0.14 0.2 0.3 0.18 0.2 0.28 0.04 0.04 0.1 0.22 0.06 0.16 0.12 0.24 0.12 0.22 0.18 0.28 0.26 0.32 0.18 0.26 0.34 0.38 0.26 0.28 0.14 0.18 0.32 0.2 0.16 0.16 0.3 0.24 0.22 0.02 0.24 0.16 0.04 0.12 0.12 0.12 0.14 0.06 0.22 0.08 0.12 0.26 0.24 0.26 0.1 0.18 0.22 0.06 0.06 0.08 0.14
"во" 0.08 0.12 0.22 0.12 0.04 0.28 0.12 0.2 0.24 0.16 0.16 0.22 0.16 0.22 0.14 0.18 0.16 0.06 0.1 0.16 0.08 0.06 0.26 0.14 0.16 0.26 0.12 0.2 0.16 0.04 0.3 0.14 0.2 0.08 0.1 0.08 0.36 0.22 0.3 0.18 0.2 0.24 0.1 0.06 0.16 0.22 0.18 0.22 0.18 0.1 0.22 0.12 0.34 0.26 0.32 0.28 0.28 0.18 0.34 0.22 0.18 0.24 0.16 0.08
"еще" 0.14 0.12 0.2 0.26 0.16 0.08 0.14 0.22 0.2 0.26 0.22 0.28 0.28 0.26 0.32 0.12 0.22 0.12 0.1 0.24 0.2 0.2 0.32 0.26 0.16 0.16 0.18 0.16 0.06 0.26 0.08 0.12 0.22 0.18 0.24 0.12 0.1 0.16 0.14 0.16 0.26 0.38 0.38 0.22 0.14 0.04 0.06 0.12 0.08 0.14 0.12 0.08 0.08 0.18 0.16 0.06 0.22 0.3 0.22 0.08 0.06 0.06 0.1 0.18
"их" 0.16 0.08 0.06 0.36 0.18 0.14 0.14 0.18 0.12 0.14 0.14 0.44 0.2 0.08 0.2 0.24 0.14 0.16 0.18 0.08 0.24 0.22 0.26 0.1 0.14 0.16 0.2 0.1 0.2 0.02 0.08 0.12 0.16 0.16 0.06 0.24 0.24 0.14 0.1 0.08 0.14 0.06 0.16 0.22 0.14 0.14 0.12 0.06 0.14 0.3 0.44 0.14 0.16 0.16 0.14 0.18 0.26 0.2 0.16 0.14 0.14 0.18 0.16 0.1
"такой" 0.12 0.04 0.14 0.14 0.24 0.12 0.3 0.18 0.14 0.28 0.1 0.2 0.16 0.14 0.06 0.16 0.3 0.1 0.16 0.08 0.22 0.2 0.26 0.08 0.44 0.22 0.1 0.12 0.24 0.56 0.2 0.12 0.04 0.14 0.2 0.2 0.14 0.1 0.14 0.24 0.12 0.12 0.2 0.14 0.2 0.04 0.06 0.1 0.1 0.12 0.08 0.2 0.32 0.16 0.2 0.14 0.14 0.18 0.1 0.1 0.04 0.18 0.16 0.14
"другой" 0.1 0.1 0.24 0.16 0.18 0.12 0.14 0.24 0.06 0.54 0.14 0.2 0.26 0.2 0.18 0.18 0.18 0.18 0.08 0.16 0.1 0.32 0.46 0.12 0.26 0.32 0.22 0.1 0.26 0.2 0.3 0.08 0.16 0.24 0.08 0.1 0.08 0.1 0.14 0.14 0.08 0.08 0.1 0.12 0.12 0.06 0.06 0.22 0.14 0.1 0.14 0.24 0.1 0.2 0.12 0.1 0.2 0.06 0.08 0.04 0.12 0.34 0.08 0.06
"где" 0.32 0.22 0.22 0.22 0.12 0.06 0.18 0.12 0.08 0.1 0.08 0.28 0.22 0.3 0.18 0.22 0.3 0.2 0.24 0.22 0.06 0.18 0.08 0.2 0.14 0.2 0.1 0.12 0.12 0.08 0.16 0.24 0.14 0.26 0.14 0.1 0.02 0.08 0.06 0.12 0.24 0.26 0.1 0.12 0.14 0.18 0.1 0.22 0.22 0.22 0.14 0.18 0.1 0.2 0.12 0.12 0.08 0.2 0.14 0.06 0.18 0.16 0.24 0.16
"самый" 0.1 0.08 0.26 0.3 0.28 0.1 0.24 0.08 0.14 0.18 0.2 0.42 0.24 0.06 0.14 0.14 0.22 0.18 0.2 0.14 0.14 0.18 0.24 0.18 0.22 0.24 0.24 0.02 0.08 0.18 0.2 0.1 0.2 0.12 0.2 0.14 0.16 0.14 0.2 0.2 0.32 0.14 0.1 0.2 0.16 0.02 0.08 0.06 0.12 0.3 0.12 0.04 0.04 0.12 0.06 0.08 0.16 0.08 0.28 0.08 0.16 0.12 0.06 0.1
"до" 0.22 0.1 0.18 0.16 0.18 0.12 0.18 0.08 0.1 0.2 0.08 0.06 0.08 0.2 0.26 0.18 0.22 0.16 0.22 0.22 0.16 0.16 0.16 0.12 0.22 0.14 0.18 0.04 0.12 0.18 0.3 0.24 0.1 0.18 0.2 0.22 0.1 0.14 0.2 0.18 0.2 0.18 0.14 0.12 0.12 0.16 0.04 0.2 0.22 0.1 0.16 0.04 0.06 0.14 0.08 0.02 0.18 0.2 0.28 0.06 0.1 0.04 0.18 0.16
"бы" 0.08 0.14 0.1 0.14 0.14 0.02 0.08 0.06 0.14 0.08 0.1 0.1 0.1 0.04 0.04 0.08 0.2 0.08 0.16 0.18 0.24 0.1 0.22 0.36 0.14 0.14 0.2 0.28 0.12 0.16 0.14 0.12 0.12 0.28 0.2 0.42 0.2 0.28 0.28 0.28 0.12 0.18 0.2 0.18 0.1 0.08 0.08 0.32 0.18 0.2 0.18 0.1 0.06 0.22 0.26 0.12 0.1 0.18 0.06 0.1 0.04 0.04 0.08 0.14
"дело" 0.1 0.2 0.1 0.16 0.12 0.08 0.14 0.12 0.04 0.08 0.1 0.14 0.2 0.08 0.12 0.14 0.32 0.28 0.2 0.14 0.2 0.12 0.06 0.3 0.04 0.18 0.04 0.28 0.14 0.14 0.14 0.12 0.12 0.16 0.08 0.2 0.2 0.12 0.1 0.18 0.12 0.14 0.04 0.32 0.18 0.06 0.14 0.16 0.12 0.22 0.08 0.04 0.06 0.16 0.04 0.14 0.32 0.16 0.34 0.2 0.02 0.06 0.08 0.14
"жить" 0.1 0.12 0.2 0.2 0.06 0.04 0.1 0.04 0.04 0.18 0.1 0.08 0.16 0.14 0.12 0.14 0.16 0.08 0.16 0.14 0.1 0.16 0.34 0.22 0.14 0.16 0.04 0.12 0.14 0.1 0.1 0.1 0.04 0.12 0.18 0.06 0.1 0.08 0.04 0.06 0.14 0.02 0.06 0.1 0.08 0.14 0.18 0.12 0.2 0.2 0.14 0.22 0.1 0.06 0.02 0.16 0.3 0.48 0.12 0.3 0.4 0.14 0.14 0.08
"день" 0.12 0.16 0.22 0.1 0.18 0.16 0.26 0.12 0.04 0.08 0.1 0.1 0.18 0.22 0.2 0.14 0.12 0.12 0.16 0.14 0.12 0.18 0.1 0.1 0.08 0.1 0.2 0.08 0.08 0.08 0.04 0.06 0.04 0.16 0.26 0.06 0.06 0.06 0.06 0.1 0.28 0.34 0.24 0.12 0.08 0.08 0.18 0.2 0.14 0.2 0.08 0.08 0.14 0.02 0.04 0.06 0.22 0.26 0.3 0.1 0.06 0.04 0.12 0.28
"со" 0.16 0.1 0.12 0.14 0.2 0.14 0.14 0.12 0.14 0.06 0.14 0.08 0.12 0.16 0.08 0.08 0.08 0.06 0.16 0.16 0.04 0.04 0.04 0.04 0.14 0.32 0.16 0.06 0.28 0.14 0.14 0.18 0.12 0.1 0.1 0.16 0.18 0.16 0.14 0.16 0.14 0.16 0.16 0.16 0.12 0.18 0.12 0.06 0.12 0.14 0.06 0.12 0.18 0.08 0.1 0.12 0.18 0.2 0.12 0.26 0.06 0.14 0.1 0.12
"под" 0.16 0.06 0.12 0.02 0.16 0.12 0.18 0.1 0.02 0.12 0.14 0.08 0.06 0.16 0.1 0.08 0.14 0.22 0.08 0.06 0.16 0.08 0.08 0.08 0.2 0.2 0.2 0.08 0.1 0.08 0.12 0.2 0.18 0.12 0.1 0.06 0.1 0.06 0.08 0.22 0.2 0.08 0.12 0.08 0.1 0.3 0.16 0.18 0.18 0.08 0.12 0.1 0.16 0.1 0.1 0.18 0.1 0.1 0.14 0.1 0.08 0.08 0.22 0.22
"давать" 0.02 0.14 0.08 0.16 0.12 0.06 0.12 0.06 0.16 0.12 0.18 0.1 0.02 0.08 0.12 0.14 0.08 0.18 0.14 0.16 0.14 0.04 0.06 0.22 0.06 0.12 0.28 0.18 0.12 0.1 0.22 0.18 0.08 0.08 0.06 0.06 0.14 0.1 0.08 0.18 0.18 0.1 0.08 0.1 0.08 0.08 0.1 0.12 0.04 0.08 0.08 0.14 0.04 0.28 0.16 0.12 0.06 0.12 0.08 0.08 0.2 0.12 0.08 0.08
"решать" 0.08 0.14 0.12 0.06 0.04 0.04 0.08 0.04 0.08 0.1 0.18 0.02 0.06 0.1 0.14 0.06 0.16 0.06 0.08 0.06 0.06 0.1 0.02 0.12 0.04 0.06 0.02 0.04 0.08 0.04 0.02 0.1 0.04 0.08 0.22 0.1 0.14 0.1 0.16 0.16 0.02 0.08 0.12 0.16 0.04 0.02 0.1 0.12 0.12 0.22 0.3 0.04 0.1 0.2 0.28 0.14 0.34 0.44 0.34 0.12 0.26 0.12 0.04 0.04
"рука" 0.12 0.14 0.06 0.02 0.06 0.12 0.16 0.16 0.04 0.02 0.08 0.08 0.06 0.06 0.16 0.06 0.08 0.1 0.08 0.02 0.08 0.14 0.22 0.08 0.2 0.16 0.08 0.2 0.16 0.14 0.16 0.04 0.06 0.08 0.08 0.12 0.14 0.2 0.4 0.18 0.08 0.08 0.14 0.06 0.06 0.08 0.14 0.08 0.1 0.08 0.2 0.16 0.18 0.14 0.1 0.04 0.04 0.1 0.08 0.08 0.02 0.14 0.14 0.12
"какой" 0.04 0.12 0.08 0.1 0.24 0.06 0.1 0.06 0.04 0.04 0.14 0.12 0.26 0.12 0.22 0.1 0.04 0.16 0.12 0.04 0.08 0.02 0.12 0.12 0.2 0.1 0.02 0.06 0.06 0.1 0.1 0.06 0.1 0.18 0.22 0.12 0.12 0.12 0.14 0.18 0.06 0.18 0.1 0.06 0.12 0.02 0.04 0.22 0.06 0.06 0.1 0.08 0.1 0.18 0.08 0.08 0.06 0.16 0.06 0.16 0.02 0.1 0.24 0.12
"слово" 0.14 0.14 0.08 0.08 0.06 0.1 0.18 0.08 0.1 0.04 0.04 0.2 0.16 0.08 0.02 0.04 0.16 0.02 0.06 0.04 0.16 0.12 0.08 0.16 0.22 0.14 0.04 0.18 0.12 0.06 0.02 0.12 0.06 0.12 0.12 0.12 0.18 0.24 0.26 0.2 0.06 0.06 0.14 0.06 0.1 0.06 0.12 0.04 0.1 0.12 0.12 0.08 0.08 0.04 0.14 0.08 0.08 0.18 0.08 0.04 0.06 0.08 0.1 0.06
"принимать" 0.02 0.1 0.04 0.02 0.04 0.1 0.08 0.14 0.2 0.06 0.14 0.02 0.04 0.1 0.04 0.16 0.28 0.12 0.14 0.14 0.08 0.06 0.04 0.06 0.1 0.08 0.06 0.06 0.12 0.1 0.18 0.1 0.06 0.12 0.04 0.18 0.02 0.04 0.16 0.04 0.14 0.02 0.1 0.06 0.06 0.12 0.1 0.02 0.04 0.18 0.06 0.04 0.08 0.04 0.12 0.06 0.04 0.04 0.06 0.14 0.08 0.08 0.06 0.06
"благодаря" 0.08 0.08 0.08 0.12 0.1 0.12 0.08 0.06 0.08 0.06 0.1 0.06 0.08 0.1 0.1 0.14 0.1 0.08 0.08 0.08 0.08 0.06 0.1 0.06 0.06 0.08 0.04 0.08 0.08 0.1 0.06 0.08 0.06 0.1 0.06 0.08 0.08 0.1 0.08 0.1 0.08 0.18 0.1 0.1 0.14 0.08 0.1 0.06 0.08 0.08 0.04 0.08 0.06 0.06 0.1 0.08 0.04 0.04 0.12 0.02 0.12 0.06 0.14 0.1
"текст" 0.08 0.06 0.1 0.06 0.1 0.1 0.06 0.06 0.06 0.06 0.18 0.06 0.08 0.08 0.1 0.14 0.14 0.08 0.06 0.1 0.08 0.06 0.08 0.06 0.06 0.08 0.04 0.08 0.08 0.1 0.04 0.08 0.08 0.08 0.06 0.06 0.08 0.08 0.1 0.06 0.06 0.06 0.1 0.08 0.1 0.06 0.06 0.08 0.08 0.06 0.04 0.08 0.06 0.08 0.08 0.08 0.08 0.06 0.1 0.02 0.1 0.04 0.12 0.1
"продолжение" 0.08 0.06 0.1 0.06 0.1 0.1 0.06 0.08 0.06 0.06 0.1 0.06 0.06 0.1 0.1 0.12 0.12 0.1 0.06 0.08 0.08 0.06 0.08 0.06 0.08 0.08 0.04 0.08 0.08 0.1 0.04 0.08 0.08 0.08 0.06 0.06 0.08 0.08 0.08 0.06 0.08 0.1 0.12 0.08 0.1 0.06 0.06 0.06 0.08 0.06 0.04 0.08 0.06 0.08 0.08 0.08 0.06 0.04 0.1 0.02 0.1 0.02 0.12 0.1
"реклама" 0.08 0.06 0.08 0.08 0.1 0.1 0.08 0.08 0.06 0.06 0.08 0.06 0.06 0.1 0.08 0.12 0.06 0.1 0.08 0.08 0.08 0.06 0.08 0.06 0.06 0.08 0.06 0.08 0.08 0.1 0.06 0.08 0.06 0.08 0.06 0.06 0.08 0.08 0.08 0.06 0.06 0.06 0.16 0.06 0.1 0.06 0.06 0.06 0.08 0.06 0.06 0.08 0.06 0.06 0.08 0.08 0.04 0.04 0.12 0.02 0.1 0.02 0.12 0.1
"брифли" 0.08 0.06 0.08 0.08 0.1 0.08 0.06 0.06 0.06 0.06 0.08 0.06 0.06 0.08 0.08 0.12 0.06 0.08 0.08 0.08 0.08 0.06 0.08 0.06 0.06 0.08 0.04 0.08 0.08 0.1 0.04 0.08 0.06 0.08 0.06 0.06 0.08 0.08 0.08 0.06 0.06 0.06 0.1 0.06 0.1 0.06 0.06 0.06 0.08 0.06 0.04 0.08 0.06 0.06 0.08 0.08 0.04 0.04 0.12 0.02 0.1 0.02 0.12 0.1
